0041a511    
004296    
004455q    
00452355
004656
004703    
004707    
004711188877
0047204    
00480e38    
0048sam    
00490049    
0049345    
004izcool
005008004    
00511440    
005212686    
00531531    
0053695    
0053ds08    
0053fb    
005500    
00553236    
00554123    
00561100    
005806    
00594824    
005993    
005alive    
005n005n    
006045    
006241    
006525    
00657545    
0066789    
006785j
006mkil
007
007    
007006b
007007
007007    
007007007
0070076103    
007008
007008    
0070717    
00711711
007188    
0071lapb    
00720072    
00734260    
00751185    
0075703    
0076963    
007700
007700    
007770    
00777a19    
00784581    
007bond
007d8sa7    
007dicey    
007ha261    
007isthe    
007jo123    
007ltkbond
007smallville
007tyran    
007xps    
0080    
008008
0082    
00832139    
00832369    
00866022    
008733
0088zz    
00890089    
009    
009009
0090504x
00931687    
00950e    
009546    
0096341    
0096587    
00967515    
00967965    
00969133    
0096923919    
009700    
009710    
00972456    
00981357    
009900
009961    
009988
009988    
00PS    
00a10784    
00aa00bb    
00alero    
00bb4life
00bond    
00bouer    
00calambisimo00
00ce86dd6d335d2
00d9f04f    
00e058    
00haha    
00hasi00    
00hello
00hier    
00kikor00
00ljh1
00nase00    
00nnuu33    
00o99i    
00osiem    
00polo00    
00queed    
00saab93    
00synovus
00usmc
00x8y9y    
00y7ct    
00youandme00
01
shadow    
01-075814
01-apr
010010
010012
010028nick
0101    
010100
010101
010101    
01010101
01010101    
010102
01010202    
010103
010104
010105
010106
010107
010108
010109
01011956    
01011966    
01011968    
01011970    
01011971    
01011980    
01011985
01011985    
01011986
01011986    
01011987
01011988
01011988    
01011989
01011991
01011991    
01011992    
0101200    
01012004    
01012006
01012008
0101239034    
010136    
0101387354    
010161    
010178
010178    
010179
010180
010181
010182
010183
010183aa    
010184
010185
010186
010187
010188
010188    
0101889966    
010189
010190
010190    
01019090    
010191
010192
010193
010193pz    
010194
010195
010196
0101991336    
0101rojo    
0102    
010200    
01020102    
010201023    
010203
010203    
0102030    
01020304
01020304    
0102030405
0102030405    
010203040506
0102033    
0102034    
010203a    
010204
010205
010205    
010206
010207
01020708    
010208
010209
0102120210    
01021975    
01021976    
01021987
01021990
01021990    
01021992Y
01021994bday
01022837    
010236547    
0102501254    
0102533060    
010256001    
0102571003    
010280
010282
010283
010284
010285
010286
010287
010288
010289
010290
010291
010292
010293
0102939415    
010294
010295
010302    
010304
010305
010306
0103060120    
010307
010308
010309
010310    
01031975    
01031984    
01031990    
01031992
01036392    
010367    
010376    
0103775433    
010383
010384
010385
010386
010387
010388
010389
010390
010391
010392
010392    
010392z    
010393
010394
010395
010396
010403
010403    
010405
010406
010407
010408
01041958    
01041972    
010458    
010467    
0104685228    
010470    
010474    
010482
010483
010484
010485
010486
010487
010488
010489
010490
010491
010492
010492    
010493
010494
010495
010496
0104982241    
010504
010505
010505050    
010506
0105067196    
010507
010508
010509
01051986
01051989
0105311157    
010535008    
01057921    
010584
010585
010586
010587
010587    
010588
010589
0105890998    
010590
010591
010592
010593
010594
010595
010596
010599    
010601
01060106    
010605
010605    
010606
010607
010607    
010608
010609
01061077    
0106151013    
01061976    
01061982    
01061989    
01061991    
0106466557    
0106634121    
010665    
0106740413    
010682
010683
010684
010685
010686
010687
010688
010689
010689    
010690
010691
010692
010693
010693    
010694
010695
010695    
010696
0106968054    
0106batcuri
0106rcxz    
01070107    
010703    
010705
010706
010707
010708